110 
1 2 5

1 3 25

1 4 100

1 5 90

2 3 25

2 4 100

2 5 85

2 6 160

3 4 135

3 5 115

3 6 175

3 7 215

4 5 20

4 6 50

4 7 75

4 8 50

5 6 65

5 7 120

5 8 40
5 9 60

6 7 15

6 8 40

6 9 25

6 10 30

7 8 65

7 9 50

7 10 45

7 11 75

8 9 25

8 10 35

8 11 50

8 12 65

9 10 5

9 11 20

9 12 20

9 13 40

10 11 10

10 12 5

10 13 25

10 14 35

11 12 15

11 13 30

11 14 40

11 15 40

12 13 10

12 14 20

12 15 30

12 16 30
13 14 15

13 15 30

13 16 20

13 17 75

14 15 5

14 16 10

14 17 25

14 18 65

15 16 15

15 17 20

15 18 45

15 19 25

16 17 30

16 18 55

16 19 5

16 20 5

17 18 5

17 19 40

17 20 35

17 21 55

18 19 55

18 20 70

18 21 90

18 22 160

19 20 20

19 21 10

19 22 90

19 23 40

20 21 20

20 22 65

20 23 55

20 24 95

21 22 55

21 23 30

21 24 55

21 25 90

22 23 80

22 24 50

22 25 90

22 26 80

23 24 20

23 25 30

23 26 40

23 27 10

24 25 25

24 26 30

24 27 15

24 28 20

25 26 10

25 27 15

25 28 20

25 29 25

26 27 15
26 28 20

26 29 25

26 30 15

27 28 5

27 29 10

27 30 10

28 29 5

28 30 15

29 30 20